0 17 47
0 4 7
0 10 31
0 29 14
0 4 69
0 18 1
1 0 92
2 1 63
2 5 56
2 0 11
3 0 60
3 21 25
3 24 38
3 2 49
4 2 84
4 21 96
5 3 42
5 1 3
5 11 51
6 3 92
7 5 37
7 19 75
7 25 21
7 24 97
7 23 22
8 2 49
8 3 100
8 0 69
8 21 85
9 2 82
9 28 35
10 4 54
10 22 100
10 27 19
10 9 39
10 23 1
11 7 89
11 28 28
11 16 68
11 3 29
12 0 94
13 5 49
13 2 84
13 4 8
13 28 22
13 26 11
14 0 18
14 9 14
14 10 15
14 20 10
15 6 17
16 12 36
16 9 52
16 23 1
16 24 50
17 5 20
17 20 57
17 16 99
17 26 4
18 10 25
18 24 9
18 9 45
18 26 10
18 13 90
19 11 3
19 8 96
19 12 86
19 9 94
19 3 44
19 18 24
20 10 88
21 17 15
21 23 4
21 6 49
21 11 1
22 18 59
22 0 19
22 9 81
22 17 97
22 3 99
22 27 82
23 20 90
24 17 99
25 5 10
26 21 58
26 4 73
26 11 23
26 22 39
26 20 93
26 10 39
27 16 80
27 1 91
27 5 58
27 7 59
28 1 92
28 17 16
28 3 89
28 21 57
29 19 12
29 8 3
29 11 35
29 18 73
29 2 56
