0 22 5
0 34 2
0 5 15
0 24 14
0 9 20
0 33 19
1 0 19
2 1 1
2 5 9
2 6 8
3 1 8
3 2 9
3 32 14
3 11 9
4 0 4
4 17 8
4 13 2
4 12 11
5 1 18
5 26 14
5 13 15
5 15 10
6 0 17
6 1 16
6 23 12
6 14 1
6 32 10
6 12 20
7 4 17
7 24 19
8 3 4
8 32 5
8 23 9
8 33 5
8 9 10
8 21 10
9 2 3
10 7 16
10 29 6
10 9 14
10 8 4
10 11 4
11 8 8
11 31 15
12 2 4
12 22 9
12 8 1
12 9 19
12 0 19
12 10 1
13 12 17
13 29 19
13 23 2
14 4 10
15 1 19
16 11 10
16 23 18
16 4 13
17 10 3
17 18 19
17 7 13
17 13 19
18 12 20
18 4 11
18 21 18
19 12 19
19 18 12
19 24 16
19 25 9
20 6 17
20 33 12
20 21 3
20 16 15
21 2 13
21 32 16
21 5 9
21 19 7
21 12 3
21 22 7
23 19 16
23 26 14
23 22 10
23 11 3
23 34 5
24 4 17
24 15 2
24 30 19
24 1 3
24 22 12
25 7 2
25 21 20
25 17 18
25 32 17
25 22 13
26 11 10
26 21 16
26 19 13
26 9 1
26 28 11
26 1 4
27 23 10
28 10 2
28 5 9
28 13 2
28 25 10
28 6 16
29 2 4
30 29 3
30 9 6
30 27 3
30 23 6
30 8 9
31 6 7
31 25 18
32 20 18
32 29 13
33 9 13
33 11 10
33 13 15
33 29 2
