0 27 103
0 14 138
0 20 133
0 9 137
0 4 141
0 38 60
1 0 107
2 1 103
2 25 124
2 0 149
3 0 116
3 31 95
3 4 141
3 22 140
4 2 89
4 21 109
4 36 116
5 0 88
5 7 123
5 6 74
6 0 88
6 29 144
6 32 89
6 27 109
6 19 92
6 35 105
7 3 115
8 2 93
8 13 93
8 33 73
8 24 117
9 7 124
9 13 113
9 28 128
10 4 60
10 22 108
10 37 108
10 9 120
10 3 146
10 21 98
11 8 131
11 36 119
12 2 68
12 0 79
12 26 127
12 4 102
12 8 102
12 6 148
13 4 112
13 10 68
13 6 119
13 21 70
14 6 107
14 29 98
14 23 131
15 4 75
16 0 88
17 15 136
17 11 141
17 28 62
17 24 84
17 39 122
18 1 135
18 17 138
18 8 116
19 15 142
20 13 86
20 35 125
20 39 143
20 18 139
20 24 132
21 12 144
22 15 126
22 26 71
22 21 108
23 5 122
23 30 81
23 29 91
23 17 89
23 13 107
23 21 96
24 18 142
24 1 149
24 36 95
24 35 62
24 7 140
25 24 140
25 31 93
25 12 109
25 30 101
26 15 78
26 4 141
26 6 129
26 30 105
26 27 103
27 25 112
27 17 115
27 2 122
27 33 85
27 23 148
28 5 76
28 14 147
28 21 147
28 10 82
28 26 122
28 20 89
29 24 144
30 5 131
31 4 149
31 24 146
31 17 69
31 28 88
31 5 132
32 18 65
32 30 85
32 11 74
32 36 139
33 31 121
33 36 122
33 21 145
34 11 120
35 19 88
36 18 123
36 13 89
37 0 63
37 18 139
39 31 136
39 27 97
39 8 79
