0 17 86
0 34 88
0 40 33
0 44 74
0 19 58
0 3 54
1 0 59
2 1 79
2 20 32
2 16 45
3 1 55
3 41 63
3 25 33
4 3 73
4 36 57
4 0 64
5 3 53
5 22 38
5 7 30
6 2 48
6 8 48
6 5 30
6 0 86
7 2 68
7 24 71
7 22 59
7 17 68
7 19 79
7 25 67
8 7 42
9 2 72
9 3 88
9 33 82
9 29 68
10 1 89
10 38 40
10 28 47
10 32 68
11 3 41
11 42 45
11 12 58
12 9 46
12 34 81
13 5 32
13 20 84
13 9 62
13 18 45
13 1 78
14 10 56
14 4 52
14 13 56
14 41 65
14 0 83
15 9 79
15 25 72
15 5 54
16 13 66
17 12 71
17 9 48
17 23 32
18 10 81
20 6 31
20 41 89
20 26 47
21 18 66
21 39 82
21 11 59
21 28 65
21 2 62
22 14 50
22 12 80
22 24 33
22 26 79
22 18 71
23 16 78
23 3 51
23 24 39
23 30 45
23 27 73
23 11 52
24 18 55
24 26 32
24 35 55
24 14 58
24 37 76
24 15 87
25 2 87
25 22 82
25 42 62
25 1 59
26 9 84
27 26 71
28 23 59
28 4 86
28 26 39
28 37 58
28 35 42
28 25 35
29 3 85
29 16 44
29 10 79
29 12 31
30 7 62
30 42 55
30 22 30
30 2 88
30 33 63
30 5 89
31 0 33
31 38 49
31 11 46
31 3 37
31 32 79
31 16 79
32 6 67
32 33 36
32 8 79
33 20 43
35 15 65
35 14 87
35 39 46
35 17 56
35 38 55
35 3 38
36 9 52
36 2 65
37 5 84
37 11 84
37 14 31
38 36 86
38 26 61
38 24 56
38 3 53
38 4 83
39 15 85
39 8 75
40 18 43
41 12 42
41 8 38
41 37 62
42 32 35
42 43 83
42 33 66
42 28 31
42 27 88
42 0 36
43 23 52
43 19 31
43 44 34
43 11 66
43 35 32
43 36 79
44 13 31
44 4 45
