0 43 23
0 13 39
0 40 43
0 10 39
0 44 30
0 12 41
1 0 8
2 1 9
2 19 42
2 6 16
3 1 39
3 2 7
3 25 12
3 46 3
4 0 35
4 31 23
4 6 6
4 47 29
5 1 47
5 47 13
5 20 37
5 2 26
5 19 34
6 0 20
6 7 43
6 18 45
6 40 17
6 35 32
6 32 49
7 3 23
8 2 2
8 1 22
8 9 50
8 0 8
9 2 27
9 5 43
10 2 40
10 25 26
11 0 13
11 1 1
11 39 11
11 40 4
12 4 20
12 46 12
12 42 39
12 29 2
14 10 40
14 24 6
14 7 24
14 6 3
14 40 36
15 9 33
15 17 36
15 13 39
16 13 27
17 12 18
17 29 8
17 30 33
17 25 33
18 0 20
18 31 5
18 17 22
18 26 40
18 15 27
19 15 30
19 1 19
19 28 43
19 4 26
19 0 6
20 18 35
20 24 50
20 46 42
20 28 13
20 31 46
21 19 11
21 13 19
21 17 4
21 32 40
21 12 24
21 3 30
22 12 47
22 23 38
22 31 30
22 20 50
22 47 38
22 3 17
23 14 50
23 48 44
23 25 46
23 11 48
24 12 17
24 11 37
24 22 6
24 37 39
24 41 33
24 13 6
25 0 35
25 16 15
25 5 2
25 41 17
25 7 22
26 1 37
26 22 14
27 24 14
27 44 6
27 0 36
27 40 4
27 16 13
27 7 9
28 24 33
28 3 46
28 5 14
28 17 7
28 45 22
28 47 9
29 1 47
29 6 33
29 44 32
30 10 45
30 38 47
30 37 23
30 6 30
30 3 12
30 8 36
31 6 1
31 46 24
31 1 17
31 15 45
32 12 10
32 39 43
32 11 40
33 0 4
34 4 25
35 9 5
35 4 11
36 30 46
36 8 50
37 14 37
38 11 14
38 4 25
39 0 23
39 41 19
40 21 19
40 2 38
40 13 6
40 8 9
40 1 42
41 34 3
41 7 26
41 20 28
42 13 15
42 0 15
42 21 25
42 1 35
42 32 25
42 17 23
43 22 10
44 25 34
44 6 21
44 35 38
45 12 48
45 8 19
46 38 28
46 32 24
46 18 21
47 40 14
47 42 19
47 38 43
48 25 36
48 11 3
48 39 31
